power sky
-39.8
-40.04
-40.07
-40.1
-40.12
-40.17
-40.2
-40.22
-40.25
-40.26
-40.27
-40.28
-40.28
-40.27
-40.25
-40.25
-40.21
-40.19
-40.12
-40.1
-40.05
-39.98
-39.91
-39.85
-39.81
-39.73
-39.66
-39.57
-39.48
-39.41
-39.35
-39.3
-39.15
-39.1
-39.02
-38.91
-38.81
-38.74
-38.67
-38.57
-38.52
-38.39
-38.36
-38.24
-38.19
-38.13
-38.04
-37.99
-37.93
-37.87
-37.78
-37.72
-37.67
-37.57
-37.55
-37.48
-37.45
-37.37
-37.33
-37.3
-37.25
-37.23
-37.21
-37.2
-37.05
-37.1
-37.04
-36.95
-36.94
-36.89
-36.84
-36.77
-36.77
-36.71
-36.72
-36.65
-36.66
-36.62
-36.59
-36.56
-36.59
-36.55
-36.51
-36.51
-36.47
-36.45
-36.46
-36.43
-36.45
-36.41
-36.4
-36.41
-36.38
-36.38
-36.4
-36.4
-36.38
-36.42
-36.39
-36.37
-36.32
-36.34
-36.36
-36.35
-36.37
-36.35
-36.35
-36.35
-36.36
-36.38
-36.36
-36.4
-36.4
-36.4
-36.41
-36.43
-36.44
-36.47
-36.49
-36.51
-36.53
-36.53
-36.57
-36.58
-36.58
-36.64
-36.68
-36.7
-36.54
-36.75
-36.73
-36.7
-36.7
-36.7
-36.69
-36.68
-36.71
-36.69
-36.71
-36.71
-36.69
-36.72
-36.72
-36.73
-36.73
-36.74
-36.73
-36.73
-36.76
-36.75
-36.77
-36.79
-36.81
-36.8
-36.8
-36.82
-36.81
-36.81
-36.85
-36.88
-36.62
-36.86
-36.88
-36.88
-36.86
-36.86
-36.86
-36.85
-36.89
-36.83
-36.87
-36.84
-36.87
-36.85
-36.86
-36.88
-36.89
-36.87
-36.86
-36.85
-36.87
-36.85
-36.86
-36.84
-36.85
-36.85
-36.85
-36.84
-36.87
-36.85
-36.88
-36.89
-36.81
-36.86
-36.84
-36.81
-36.81
-36.76
-36.74
-36.75
-36.7
-36.73
-36.71
-36.67
-36.7
-36.68
-36.65
-36.67
-36.67
-36.64
-36.63
-36.61
-36.61
-36.57
-36.6
-36.56
-36.59
-36.52
-36.54
-36.5
-36.5
-36.48
-36.52
-36.49
-36.47
-36.48
-36.44
-36.44
-36.39
-36.39
-36.38
-36.34
-36.37
-36.33
-36.31
-36.3
-36.29
-36.27
-36.28
-36.29
-36.33
-36.29
-36.3
-36.32
-36.33
-36.33
-36.32
-36.35
-36.36
-36.36
-36.38
-36.39
-36.41
-36.41
-36.48
-36.49
-36.5
-36.5
-36.48
-36.45
-36.47
-36.45
-36.45
-36.45
-36.48
-36.43
-36.45
-36.44
-36.43
-36.45
-36.43
-36.44
-36.46
-36.46
-36.45
-36.47
-36.46
-36.47
-36.48
-36.48
-36.53
-36.52
-36.54
-36.48
-36.53
-36.57
-36.6
-36.62
-36.61
-36.65
-36.64
-36.62
-36.63
-36.63
-36.67
-36.65
-36.71
-36.67
-36.72
-36.69
-36.73
-36.75
-36.76
-36.79
-36.8
-36.79
-36.79
-36.81
-36.83
-36.84
-36.85
-36.85
-36.9
-36.9
-36.91
-36.94
-36.96
-36.96
-37
-37.01
-36.97
-37.03
-37.01
-37
-37.05
-37
-37
-36.99
-37
-37
-37.02
-37
-37.03
-37.03
-37
-37.02
-37.05
-37.03
-37.03
-37.04
-37.04
-37.01
-37.02
-37.02
-37.03
-37.01
-37.02
-37.01
-37.01
-37
-37.04
-37.02
-36.98
-37.03
-37.03
-36.97
-36.95
-36.94
-36.94
-36.93
-36.93
-36.9
-36.9
-36.88
-36.89
-36.86
-36.86
-36.85
-36.84
-36.83
-36.82
-36.83
-36.81
-36.8
-36.8
-36.79
-36.79
-36.77
-36.78
-36.77
-36.77
-36.76
-36.8
-36.8
-36.61
-36.77
-36.73
-36.67
-36.64
-36.64
-36.6
-36.56
-36.54
-36.5
-36.47
-36.46
-36.44
-36.44
-36.41
-36.39
-36.38
-36.35
-36.31
-36.32
-36.32
-36.28
-36.27
-36.26
-36.28
-36.24
-36.22
-36.21
-36.21
-36.21
-36.22
-36.25
-36.18
-36.21
-36.2
-36.17
-36.16
-36.18
-36.16
-36.16
-36.2
-36.16
-36.18
-36.14
-36.17
-36.17
-36.19
-36.2
-36.19
-36.19
-36.2
-36.2
-36.22
-36.2
-36.23
-36.27
-36.27
-36.28
-36.3
-36.33
-36.36
-36.37
-36.42
-36.46
-36.41
-36.54
-36.53
-36.54
-36.55
-36.55
-36.61
-36.6
-36.65
-36.66
-36.7
-36.71
-36.76
-36.79
-36.84
-36.88
-36.95
-36.96
-37
-37.04
-37.09
-37.11
-37.19
-37.2
-37.3
-37.32
-37.38
-37.44
-37.5
-37.54
-37.63
-37.68
-37.72
-37.81
-37.85
-37.9
-37.93
-38
-38.08
-38.11
-38.2
-38.25
-38.32
-38.37
-38.45
-38.5
-38.58
-38.64
-38.74
-38.81
-38.86
-38.94
-39.01
-39.08
-39.18
-39.25
-39.32
-39.41
-39.47
-39.56
-39.65
-39.74
-39.84
-39.92
-39.92





