power (g)
-35.13
-35.33
-35.38
-35.44
-35.52
-35.57
-35.44
-35.61
-35.6
-35.65
-35.74
-35.68
-35.74
-35.77
-35.74
-35.73
-35.73
-35.63
-35.62
-35.59
-35.56
-35.47
-35.43
-35.11
-35.29
-35.07
-35.12
-35.04
-34.92
-34.85
-34.77
-34.68
-34.61
-34.49
-34.37
-34.33
-34.24
-34.11
-34.06
-33.94
-33.72
-33.8
-33.58
-33.62
-33.56
-33.49
-33.39
-33.3
-33.15
-33.14
-33
-32.94
-33.02
-32.91
-32.82
-32.82
-32.73
-32.47
-32.66
-32.53
-32.47
-32.47
-32.47
-32.41
-32.31
-32.21
-32.26
-32.03
-32.14
-32.13
-32.09
-32.06
-32.05
-31.98
-31.85
-31.95
-31.93
-31.84
-31.83
-31.78
-31.83
-31.78
-31.56
-31.74
-31.58
-31.69
-31.71
-31.7
-31.65
-31.63
-31.64
-31.62
-31.62
-31.57
-31.62
-31.63
-31.54
-31.62
-31.6
-31.32
-31.59
-31.41
-31.51
-31.53
-31.6
-31.54
-31.57
-31.51
-31.57
-31.55
-31.54
-31.61
-31.63
-31.58
-31.63
-31.64
-31.37
-31.62
-31.53
-31.64
-31.65
-31.73
-31.72
-31.72
-31.56
-31.74
-31.74
-31.8
-31.77
-31.89
-31.84
-31.86
-31.83
-31.82
-31.86
-31.81
-31.88
-31.88
-31.87
-31.88
-31.92
-31.58
-31.9
-31.8
-31.93
-31.92
-31.93
-31.95
-31.94
-31.92
-31.99
-32
-31.95
-32.02
-32.03
-31.98
-32.03
-32.04
-31.83
-32.07
-31.84
-32.09
-32.07
-32.09
-32.06
-32.06
-32
-32
-32.04
-31.98
-32.07
-32.06
-32.03
-32.09
-32.06
-31.94
-32.09
-32.04
-32.03
-32.05
-32.07
-32.05
-32.05
-31.84
-31.97
-31.9
-31.92
-31.99
-32.03
-31.98
-32.03
-32.03
-31.95
-32.04
-32.02
-31.91
-32
-31.91
-31.93
-31.91
-31.7
-31.89
-31.68
-31.83
-31.87
-31.85
-31.83
-31.82
-31.83
-31.76
-31.8
-31.75
-31.77
-31.77
-31.71
-31.77
-31.71
-31.54
-31.72
-31.54
-31.65
-31.65
-31.68
-31.67
-31.64
-31.59
-31.56
-31.55
-31.46
-31.58
-31.61
-31.52
-31.6
-31.57
-31.35
-31.56
-31.47
-31.44
-31.44
-31.52
-31.51
-31.46
-31.4
-31.43
-31.42
-31.42
-31.48
-31.5
-31.45
-31.52
-31.48
-31.4
-31.49
-31.47
-31.5
-31.55
-31.55
-31.55
-31.53
-31.37
-31.49
-31.46
-31.47
-31.5
-31.51
-31.47
-31.48
-31.45
-31.49
-31.5
-31.38
-31.54
-31.54
-31.48
-31.57
-31.53
-31.37
-31.58
-31.48
-31.57
-31.62
-31.66
-31.65
-31.62
-31.62
-31.61
-31.68
-31.57
-31.75
-31.76
-31.71
-31.78
-31.78
-31.59
-31.84
-31.77
-31.84
-31.82
-31.86
-31.86
-31.88
-31.78
-31.8
-31.88
-31.83
-31.93
-31.97
-31.96
-31.99
-32
-31.95
-32.03
-32.02
-32.01
-32.06
-32.01
-32.1
-32.09
-31.91
-32.05
-31.99
-32.09
-32.12
-32.14
-32.16
-32.12
-32.1
-32.13
-32.16
-32.04
-32.17
-32.18
-32.1
-32.17
-32.16
-31.83
-32.13
-32
-32.1
-32.15
-32.18
-32.16
-32.15
-32.13
-32.09
-32.16
-32.04
-32.16
-32.15
-32.13
-32.16
-32.12
-31.91
-32.15
-32.08
-32.05
-32.11
-32.1
-32.08
-32.08
-31.99
-31.93
-32
-31.88
-32.03
-32.03
-31.97
-31.98
-31.94
-31.87
-31.97
-31.92
-31.87
-31.89
-31.88
-31.92
-31.87
-31.79
-31.8
-31.74
-31.73
-31.86
-31.83
-31.82
-31.73
-31.76
-31.76
-31.76
-31.58
-31.68
-31.67
-31.61
-31.65
-31.59
-31.43
-31.52
-31.48
-31.5
-31.49
-31.5
-31.48
-31.47
-31.44
-31.29
-31.42
-31.21
-31.4
-31.41
-31.34
-31.39
-31.35
-31.22
-31.34
-31.32
-31.3
-31.31
-31.34
-31.31
-31.3
-31.21
-31.07
-31.24
-31.12
-31.26
-31.32
-31.22
-31.3
-31.29
-31.23
-31.33
-31.28
-31.31
-31.33
-31.33
-31.34
-31.31
-31.21
-31.22
-31.33
-31.3
-31.38
-31.42
-31.45
-31.47
-31.46
-31.47
-31.54
-31.42
-31.57
-31.63
-31.57
-31.66
-31.67
-31.49
-31.66
-31.67
-31.68
-31.77
-31.82
-31.9
-31.87
-31.93
-31.81
-32.04
-31.84
-32.15
-32.19
-32.14
-32.27
-32.33
-32.15
-32.37
-32.43
-32.44
-32.53
-32.62
-32.68
-32.73
-32.78
-32.74
-32.92
-32.79
-33.03
-33.11
-33.15
-33.23
-33.3
-33.27
-33.4
-33.46
-33.56
-33.65
-33.69
-33.78
-33.86
-33.84
-33.9
-34.04
-34.06
-34.22
-34.32
-34.4
-34.43
-34.5
-34.63
-34.75
-34.71
-34.9
-34.99
-35.01
-35.11
-35.25
-35.25





