power(s)
-37.96
-38.17
-38.19
-38.23
-38.26
-38.31
-38.34
-38.38
-38.43
-38.42
-38.45
-38.47
-38.47
-38.46
-38.46
-38.43
-38.42
-38.39
-38.35
-38.3
-38.28
-38.21
-38.16
-38.09
-38.04
-37.95
-37.88
-37.8
-37.69
-37.63
-37.55
-37.5
-37.38
-37.32
-37.23
-37.12
-37.01
-36.93
-36.86
-36.77
-36.69
-36.62
-36.54
-36.45
-36.37
-36.29
-36.22
-36.15
-36.12
-36.02
-35.95
-35.9
-35.83
-35.74
-35.7
-35.64
-35.58
-35.53
-35.48
-35.43
-35.4
-35.36
-35.32
-35.3
-35.2
-35.22
-35.15
-35.11
-35.06
-34.99
-34.97
-34.93
-34.89
-34.84
-34.83
-34.79
-34.77
-34.74
-34.72
-34.69
-34.68
-34.66
-34.64
-34.61
-34.59
-34.58
-34.57
-34.53
-34.56
-34.52
-34.52
-34.5
-34.5
-34.5
-34.51
-34.51
-34.47
-34.51
-34.5
-34.46
-34.47
-34.44
-34.46
-34.44
-34.47
-34.45
-34.45
-34.46
-34.48
-34.47
-34.45
-34.47
-34.5
-34.5
-34.51
-34.52
-34.54
-34.56
-34.55
-34.58
-34.59
-34.6
-34.64
-34.67
-34.67
-34.69
-34.73
-34.76
-34.63
-34.78
-34.76
-34.77
-34.77
-34.75
-34.75
-34.76
-34.77
-34.74
-34.76
-34.77
-34.77
-34.78
-34.78
-34.79
-34.8
-34.81
-34.8
-34.83
-34.83
-34.83
-34.83
-34.87
-34.88
-34.87
-34.86
-34.91
-34.89
-34.9
-34.92
-34.94
-34.7
-34.95
-34.94
-34.94
-34.91
-34.93
-34.95
-34.92
-34.95
-34.93
-34.95
-34.93
-34.94
-34.94
-34.92
-34.93
-34.93
-34.94
-34.92
-34.92
-34.91
-34.9
-34.9
-34.89
-34.9
-34.87
-34.88
-34.88
-34.9
-34.88
-34.91
-34.92
-34.86
-34.9
-34.86
-34.85
-34.83
-34.81
-34.77
-34.75
-34.74
-34.76
-34.71
-34.72
-34.72
-34.69
-34.69
-34.68
-34.68
-34.65
-34.64
-34.64
-34.61
-34.56
-34.59
-34.56
-34.58
-34.52
-34.54
-34.52
-34.49
-34.48
-34.5
-34.47
-34.44
-34.46
-34.45
-34.41
-34.38
-34.39
-34.36
-34.33
-34.36
-34.32
-34.31
-34.31
-34.27
-34.27
-34.25
-34.22
-34.23
-34.21
-34.19
-34.18
-34.19
-34.16
-34.17
-34.15
-34.13
-34.09
-34.09
-34.08
-34.07
-34.05
-34.04
-34.04
-33.98
-33.98
-33.94
-33.88
-33.84
-33.81
-33.76
-33.73
-33.7
-33.65
-33.63
-33.61
-33.58
-33.55
-33.53
-33.52
-33.53
-33.54
-33.53
-33.51
-33.52
-33.46
-33.44
-33.42
-33.41
-33.42
-33.44
-33.5
-33.58
-33.7
-33.8
-33.92
-34.01
-34.1
-34.14
-34.18
-34.24
-34.27
-34.3
-34.33
-34.37
-34.38
-34.42
-34.42
-34.46
-34.48
-34.5
-34.54
-34.57
-34.59
-34.6
-34.62
-34.65
-34.66
-34.7
-34.71
-34.74
-34.76
-34.77
-34.82
-34.85
-34.88
-34.91
-34.93
-34.87
-34.95
-34.94
-34.96
-34.96
-34.95
-34.95
-34.99
-34.98
-35
-35
-34.98
-35.03
-35.02
-35.02
-35.03
-35.04
-35.03
-35.04
-35.04
-35.04
-35.04
-35.05
-35.04
-35.07
-35.03
-35.04
-35.04
-35.04
-35.03
-35.04
-35.05
-35.03
-35.05
-35.01
-35
-35
-34.99
-35
-34.97
-34.97
-34.96
-34.94
-34.92
-34.91
-34.9
-34.9
-34.88
-34.87
-34.85
-34.85
-34.84
-34.83
-34.82
-34.82
-34.81
-34.79
-34.8
-34.78
-34.77
-34.78
-34.78
-34.8
-34.78
-34.65
-34.75
-34.72
-34.7
-34.63
-34.61
-34.59
-34.56
-34.56
-34.53
-34.49
-34.46
-34.45
-34.42
-34.41
-34.4
-34.39
-34.37
-34.33
-34.34
-34.3
-34.31
-34.3
-34.28
-34.28
-34.27
-34.27
-34.25
-34.23
-34.24
-34.24
-34.26
-34.2
-34.22
-34.22
-34.21
-34.17
-34.18
-34.19
-34.18
-34.18
-34.17
-34.2
-34.18
-34.19
-34.19
-34.19
-34.21
-34.22
-34.24
-34.2
-34.25
-34.26
-34.24
-34.26
-34.29
-34.3
-34.31
-34.33
-34.36
-34.39
-34.43
-34.46
-34.5
-34.46
-34.57
-34.56
-34.57
-34.59
-34.59
-34.62
-34.64
-34.67
-34.71
-34.75
-34.77
-34.83
-34.84
-34.89
-34.95
-35
-35.02
-35.04
-35.1
-35.17
-35.18
-35.25
-35.29
-35.36
-35.39
-35.44
-35.52
-35.56
-35.61
-35.68
-35.77
-35.79
-35.89
-35.93
-35.96
-36.03
-36.1
-36.16
-36.22
-36.31
-36.34
-36.41
-36.48
-36.55
-36.59
-36.67
-36.77
-36.84
-36.9
-36.98
-37.04
-37.14
-37.21
-37.29
-37.36
-37.45
-37.5
-37.6
-37.68
-37.76
-37.86
-37.92
-38.04
-38.04





